0	0
0	1
0,00195122	2
0,003902439	3
0,005853659	4
0,005853659	5
0,006341463	6
0,007804878	7
0,011219512	8
0,011219512	9
0,011219512	10
0,011219512	11
0,015609756	12
0,017073171	13
0,026829268	14
0,026829268	15
0,026829268	16
0,026829268	17
0,026829268	18
0,031219512	19
0,034146341	20
0,034146341	21
0,040487805	22
0,046829268	23
0,046829268	24
0,047317073	25
0,047317073	26
0,047317073	27
0,047317073	28
0,047317073	29
0	30
0	31
0	32
0	33
0	34
0	35
0	36
0	37
0	38
0	39
0	40
0	41
0	42
0	43
0	44
0	45
0	46
0	47
0	48
0	49
0	50
0	51
0	52
0	53
0	54
0	55
0	56
0	57
0	58
0	59
0,001463415	60
0,001463415	61
0,001463415	62
0,003414634	63
0,003414634	64
0,016585366	65
0,016585366	66
0,016585366	67
0,016585366	68
0,017073171	69
0,017560976	70
0,017560976	71
0,01804878	72
0,01804878	73
0,01804878	74
0,02	75
0,02	76
0,02	77
0,02	78
0,020487805	79
0,020487805	80
0,020487805	81
0,021463415	82
0,022926829	83
0,022926829	84
0,023414634	85
0,023414634	86
0,023414634	87
0,023414634	88
0,023414634	89
0	90
0	91
0	92
0	93
0	94
0	95
0	96
0	97
0,027317073	98
0,027804878	99
0,027804878	100
0,028780488	101
0,028780488	102
0,028780488	103
0,028780488	104
0,028780488	105
0,028780488	106
0,028780488	107
0,028780488	108
0,028780488	109
0,029268293	110
0,029268293	111
0,029268293	112
0,029268293	113
0,029268293	114
0,029268293	115
0,029268293	116
0,029268293	117
0,029268293	118
0,029268293	119
0,006341463	120
0,006341463	121
0,006829268	122
0,006829268	123
0,008780488	124
0,030731707	125
0,030731707	126
0,032195122	127
0,033170732	128
0,043414634	129
0,043414634	130
0,044878049	131
0,046341463	132
0,046341463	133
0,046341463	134
0,046829268	135
0,046829268	136
0,046829268	137
0,046829268	138
0,048292683	139
0,049268293	140
0,049268293	141
0,049268293	142
0,052195122	143
0,052195122	144
0,053170732	145
0,053658537	146
0,053658537	147
0,053658537	148
0,054146341	149
0,002926829	150
0,002926829	151
0,006829268	152
0,006829268	153
0,012682927	154
0,014146341	155
0,015609756	156
0,01804878	157
0,023414634	158
0,045365854	159
0,045365854	160
0,047804878	161
0,056097561	162
0,061463415	163
0,104878049	164
0,106341463	165
0,106341463	166
0,106829268	167
0,106829268	168
0,157073171	169
0,173658537	170
0,173658537	171
0,17804878	172
0,182926829	173
0,182926829	174
0,183902439	175
0,185365854	176
0,185365854	177
0,185365854	178
0,185853659	179
0,00097561	180
0,00097561	181
0,00097561	182
0,00097561	183
0,00195122	184
0,004390244	185
0,005365854	186
0,005365854	187
0,007804878	188
0,009268293	189
0,009268293	190
0,009268293	191
0,011707317	192
0,011707317	193
0,011707317	194
0,012195122	195
0,012195122	196
0,012195122	197
0,012195122	198
0,014146341	199
0,014146341	200
0,014146341	201
0,017560976	202
0,017560976	203
0,017560976	204
0,017560976	205
0,017560976	206
0,017560976	207
0,017560976	208
0,017560976	209
0,001463415	210
0,001463415	211
0,001463415	212
0,001463415	213
0,00195122	214
0,012682927	215
0,012682927	216
0,012682927	217
0,013170732	218
0,013658537	219
0,013658537	220
0,013658537	221
0,014634146	222
0,014634146	223
0,014634146	224
0,014634146	225
0,014634146	226
0,014634146	227
0,014634146	228
0,016585366	229
0,018536585	230
0,018536585	231
0,019512195	232
0,019512195	233
0,019512195	234
0,020487805	235
0,02097561	236
0,02097561	237
0,02097561	238
0,02097561	239
0,004390244	240
0,004390244	241
0,005365854	242
0,005365854	243
0,005365854	244
0,016585366	245
0,017073171	246
0,017073171	247
0,019512195	248
0,022926829	249
0,023414634	250
0,023902439	251
0,026341463	252
0,029268293	253
0,030243902	254
0,030243902	255
0,030243902	256
0,030243902	257
0,030243902	258
0,035121951	259
0,036585366	260
0,036585366	261
0,04195122	262
0,042926829	263
0,042926829	264
0,042926829	265
0,044390244	266
0,044390244	267
0,044390244	268
0,044390244	269
0	270
0	271
0,00097561	272
0,009268293	273
0,009756098	274
0,032195122	275
0,032682927	276
0,03902439	277
0,04	278
0,04	279
0,04	280
0,04097561	281
0,04195122	282
0,044390244	283
0,05804878	284
0,059512195	285
0,059512195	286
0,059512195	287
0,059512195	288
0,06195122	289
0,067317073	290
0,067317073	291
0,075121951	292
0,075121951	293
0,075121951	294
0,075609756	295
0,075609756	296
0,075609756	297
0,075609756	298
0,076585366	299
0	300
0	301
0	302
0	303
0	304
0,00097561	305
0,00097561	306
0,00097561	307
0,00097561	308
0,00097561	309
0,00097561	310
0,00097561	311
0,00097561	312
0,00097561	313
0,00097561	314
0,00097561	315
0,00097561	316
0,00097561	317
0,00097561	318
0,00097561	319
0,00097561	320
0,00097561	321
0,00097561	322
0,001463415	323
0,001463415	324
0,001463415	325
0,001463415	326
0,001463415	327
0,001463415	328
0,001463415	329
0,001463415	330
0,001463415	331
0,001463415	332
0,001463415	333
0,001463415	334
0,006829268	335
0,006829268	336
0,006829268	337
0,006829268	338
0,006829268	339
0,006829268	340
0,006829268	341
0,007804878	342
0,007804878	343
0,008780488	344
0,011219512	345
0,011219512	346
0,011219512	347
0,011219512	348
0,012195122	349
0,012682927	350
0,012682927	351
0,014634146	352
0,015609756	353
0,015609756	354
0,015609756	355
0,015609756	356
0,015609756	357
0,015609756	358
0,015609756	359
0,00097561	360
0,00097561	361
0,001463415	362
0,002926829	363
0,004390244	364
0,016585366	365
0,016585366	366
0,01804878	367
0,01804878	368
0,024878049	369
0,024878049	370
0,025853659	371
0,028292683	372
0,028780488	373
0,029268293	374
0,029756098	375
0,029756098	376
0,029756098	377
0,029756098	378
0,030243902	379
0,032195122	380
0,032195122	381
0,034146341	382
0,036097561	383
0,036097561	384
0,036097561	385
0,036097561	386
0,036097561	387
0,036097561	388
0,036097561	389
0,004878049	390
0,004878049	391
0,004878049	392
0,004878049	393
0,005365854	394
0,010731707	395
0,010731707	396
0,011707317	397
0,011707317	398
0,013658537	399
0,013658537	400
0,013658537	401
0,014146341	402
0,018536585	403
0,019512195	404
0,024390244	405
0,024390244	406
0,025365854	407
0,025365854	408
0,025365854	409
0,025365854	410
0,025365854	411
0,025365854	412
0,026341463	413
0,026341463	414
0,026341463	415
0,028780488	416
0,028780488	417
0,028780488	418
0,028780488	419
0,006829268	420
0,006829268	421
0,011219512	422
0,011219512	423
0,035609756	424
0,054634146	425
0,056585366	426
0,063414634	427
0,063902439	428
0,068292683	429
0,068780488	430
0,071707317	431
0,073170732	432
0,07804878	433
0,081463415	434
0,081463415	435
0,081463415	436
0,08195122	437
0,08195122	438
0,082439024	439
0,092195122	440
0,092195122	441
0,10195122	442
0,106341463	443
0,106341463	444
0,108292683	445
0,109756098	446
0,109756098	447
0,109756098	448
0,114634146	449
0	450
0	451
0,003902439	452
0,004878049	453
0,008780488	454
0,008780488	455
0,009268293	456
0,009756098	457
0,009756098	458
0,009756098	459
0,009756098	460
0,009756098	461
0,011219512	462
0,012195122	463
0,022926829	464
0,022926829	465
0,022926829	466
0,022926829	467
0,022926829	468
0,026829268	469
0,028780488	470
0,028780488	471
0,029756098	472
0,029756098	473
0,029756098	474
0,029756098	475
0,030243902	476
0,030243902	477
0,030243902	478
0,030731707	479
0	480
0	481
0	482
0	483
0	484
0	485
0	486
0	487
0	488
0	489
0	490
0	491
0	492
0	493
0	494
0	495
0	496
0	497
0	498
0	499
0	500
0	501
0	502
0	503
0	504
0	505
0	506
0	507
0	508
0	509
0,000487805	510
0,000487805	511
0,000487805	512
0,000487805	513
0,000487805	514
0,00097561	515
0,001463415	516
0,001463415	517
0,001463415	518
0,001463415	519
0,001463415	520
0,001463415	521
0,002926829	522
0,002926829	523
0,002926829	524
0,002926829	525
0,002926829	526
0,003414634	527
0,003414634	528
0,005853659	529
0,005853659	530
0,005853659	531
0,006341463	532
0,006829268	533
0,006829268	534
0,006829268	535
0,006829268	536
0,006829268	537
0,006829268	538
0,006829268	539
0	540
0	541
0	542
0	543
0	544
0	545
0	546
0	547
0	548
0	549
0	550
0	551
0	552
0	553
0	554
0	555
0	556
0	557
0	558
0	559
0	560
0	561
0	562
0,000487805	563
0,000487805	564
0,000487805	565
0,000487805	566
0,000487805	567
0,000487805	568
0,000487805	569
0,004878049	570
0,004878049	571
0,013658537	572
0,015121951	573
0,01902439	574
0,031219512	575
0,033170732	576
0,034634146	577
0,036585366	578
0,03804878	579
0,03804878	580
0,038536585	581
0,040487805	582
0,044390244	583
0,047804878	584
0,051707317	585
0,051707317	586
0,052195122	587
0,052195122	588
0,053170732	589
0,06	590
0,06	591
0,064878049	592
0,069756098	593
0,069756098	594
0,070731707	595
0,073170732	596
0,073170732	597
0,073170732	598
0,073658537	599
0,002439024	600
0,002439024	601
0,003414634	602
0,014146341	603
0,015609756	604
0,028780488	605
0,029268293	606
0,029268293	607
0,029756098	608
0,04	609
0,04	610
0,04195122	611
0,042926829	612
0,043414634	613
0,043902439	614
0,044878049	615
0,044878049	616
0,046341463	617
0,046341463	618
0,047317073	619
0,053170732	620
0,053170732	621
0,064390244	622
0,065853659	623
0,065853659	624
0,065853659	625
0,067317073	626
0,067317073	627
0,067317073	628
0,067804878	629
0	630
0	631
0	632
0	633
0	634
0	635
0	636
0	637
0	638
0	639
0	640
0	641
0	642
0	643
0	644
0	645
0	646
0	647
0	648
0	649
0	650
0	651
0	652
0	653
0	654
0	655
0	656
0	657
0	658
0	659
0,00097561	660
0,00097561	661
0,00195122	662
0,00195122	663
0,008292683	664
0,026829268	665
0,027317073	666
0,027804878	667
0,028292683	668
0,036097561	669
0,036585366	670
0,037073171	671
0,03902439	672
0,041463415	673
0,041463415	674
0,042926829	675
0,042926829	676
0,042926829	677
0,042926829	678
0,046341463	679
0,051707317	680
0,051707317	681
0,052682927	682
0,053170732	683
0,053170732	684
0,054634146	685
0,057073171	686
0,057073171	687
0,057073171	688
0,060487805	689
0	690
0	691
0,000487805	692
0,002439024	693
0,002439024	694
0,004390244	695
0,006829268	696
0,006829268	697
0,006829268	698
0,006829268	699
0,006829268	700
0,008780488	701
0,008780488	702
0,010731707	703
0,028292683	704
0,028292683	705
0,028292683	706
0,028292683	707
0,028292683	708
0,031707317	709
0,034634146	710
0,034634146	711
0,036585366	712
0,036585366	713
0,036585366	714
0,037073171	715
0,037073171	716
0,037073171	717
0,037073171	718
0,037560976	719
0	720
0	721
0	722
0	723
0	724
0	725
0	726
0	727
0	728
0	729
0	730
0	731
0	732
0	733
0	734
0	735
0	736
0	737
0	738
0	739
0	740
0	741
0	742
0	743
0	744
0	745
0	746
0	747
0	748
0	749
0	750
0	751
0	752
0	753
0	754
0,003414634	755
0,003414634	756
0,003414634	757
0,003414634	758
0,004878049	759
0,004878049	760
0,004878049	761
0,005365854	762
0,005365854	763
0,005365854	764
0,007804878	765
0,007804878	766
0,007804878	767
0,007804878	768
0,007804878	769
0,007804878	770
0,007804878	771
0,007804878	772
0,008292683	773
0,008292683	774
0,008292683	775
0,008292683	776
0,008292683	777
0,008292683	778
0,008292683	779
0,000487805	780
0,000487805	781
0,000487805	782
0,000487805	783
0,000487805	784
0,004878049	785
0,004878049	786
0,004878049	787
0,004878049	788
0,006829268	789
0,006829268	790
0,006829268	791
0,006829268	792
0,006829268	793
0,006829268	794
0,007317073	795
0,007317073	796
0,007317073	797
0,007317073	798
0,007804878	799
0,007804878	800
0,007804878	801
0,007804878	802
0,008292683	803
0,008292683	804
0,008292683	805
0,008292683	806
0,008292683	807
0,008292683	808
0,008292683	809
0	810
0	811
0	812
0	813
0	814
0	815
0	816
0	817
0	818
0,000487805	819
0,000487805	820
0,000487805	821
0,000487805	822
0,000487805	823
0,000487805	824
0,00097561	825
0,00097561	826
0,00097561	827
0,00097561	828
0,00097561	829
0,00097561	830
0,00097561	831
0,00097561	832
0,00097561	833
0,00097561	834
0,00097561	835
0,00097561	836
0,00097561	837
0,00097561	838
0,00097561	839
0	840
0	841
0	842
0	843
0	844
0	845
0	846
0	847
0	848
0	849
0	850
0	851
0	852
0	853
0	854
0	855
0	856
0	857
0	858
0	859
0	860
0	861
0	862
0	863
0	864
0	865
0	866
0	867
0	868
0	869
0	870
0	871
0,000487805	872
0,000487805	873
0,00097561	874
0,002926829	875
0,002926829	876
0,002926829	877
0,003414634	878
0,004878049	879
0,004878049	880
0,004878049	881
0,005365854	882
0,005365854	883
0,005365854	884
0,005365854	885
0,005365854	886
0,005365854	887
0,005365854	888
0,005365854	889
0,005365854	890
0,005365854	891
0,005365854	892
0,008780488	893
0,008780488	894
0,008780488	895
0,008780488	896
0,008780488	897
0,008780488	898
0,008780488	899
